{
  "accessors": [
    {
      "bufferView": 2,
      "componentType": 5126,
      "count": 65532,
      "max": [
        -8.678924560546875,
        437.34466552734375,
        481.3862609863281
      ],
      "min": [
        -10.114494323730469,
        436.1964111328125,
        481.3399353027344
      ],
      "type": "VEC3"
    },
    {
      "bufferView": 2,
      "byteOffset": 786384,
      "componentType": 5126,
      "count": 65532,
      "max": [
        0.9882915019989014,
        0.9999938607215881,
        0.37741971015930176
      ],
      "min": [
        -0.9997511506080627,
        -0.9999960064888,
        -0.9999999403953552
      ],
      "type": "VEC3"
    },
    {
      "bufferView": 1,
      "componentType": 5126,
      "count": 65532,
      "max": [
        0.99755859375,
        0.9992632865905762
      ],
      "min": [
        0.000732421875,
        0.10093319416046143
      ],
      "type": "VEC2"
    },
    {
      "bufferView": 1,
      "byteOffset": 524256,
      "componentType": 5126,
      "count": 65532,
      "max": [
        0.99755859375,
        0.9992632865905762
      ],
      "min": [
        0.000732421875,
        0.10093319416046143
      ],
      "type": "VEC2"
    },
    {
      "bufferView": 0,
      "componentType": 5125,
      "count": 364368,
      "type": "SCALAR"
    },
    {
      "bufferView": 2,
      "byteOffset": 1572768,
      "componentType": 5126,
      "count": 65532,
      "max": [
        -8.822077751159668,
        437.3440856933594,
        481.38336181640625
      ],
      "min": [
        -9.930298805236816,
        436.1983337402344,
        481.34967041015625
      ],
      "type": "VEC3"
    },
    {
      "bufferView": 2,
      "byteOffset": 2359152,
      "componentType": 5126,
      "count": 65532,
      "max": [
        0.8208132982254028,
        0.8829611539840698,
        -0.13160614669322968
      ],
      "min": [
        -0.9661751389503479,
        -0.7628108859062195,
        -0.9999999403953552
      ],
      "type": "VEC3"
    },
    {
      "bufferView": 1,
      "byteOffset": 1048512,
      "componentType": 5126,
      "count": 65532,
      "max": [
        0.9925537109375,
        0.9977898001670837
      ],
      "min": [
        0.0108642578125,
        0.10338902473449707
      ],
      "type": "VEC2"
    },
    {
      "bufferView": 1,
      "byteOffset": 1572768,
      "componentType": 5126,
      "count": 65532,
      "max": [
        0.9925537109375,
        0.9977898001670837
      ],
      "min": [
        0.0108642578125,
        0.10338902473449707
      ],
      "type": "VEC2"
    },
    {
      "bufferView": 0,
      "byteOffset": 1457472,
      "componentType": 5125,
      "count": 359967,
      "type": "SCALAR"
    },
    {
      "bufferView": 2,
      "byteOffset": 3145536,
      "componentType": 5126,
      "count": 65532,
      "max": [
        -8.683402061462402,
        437.0091552734375,
        481.38330078125
      ],
      "min": [
        -10.032052993774414,
        436.29290771484375,
        481.351806640625
      ],
      "type": "VEC3"
    },
    {
      "bufferView": 2,
      "byteOffset": 3931920,
      "componentType": 5126,
      "count": 65532,
      "max": [
        0.7363763451576233,
        0.8564590811729431,
        -0.15382075309753418
      ],
      "min": [
        -0.9880949854850769,
        -0.8861687779426575,
        -0.9999998807907104
      ],
      "type": "VEC3"
    },
    {
      "bufferView": 1,
      "byteOffset": 2097024,
      "componentType": 5126,
      "count": 65532,
      "max": [
        0.99267578125,
        0.9629175066947937
      ],
      "min": [
        0.0372314453125,
        0.13003438711166382
      ],
      "type": "VEC2"
    },
    {
      "bufferView": 1,
      "byteOffset": 2621280,
      "componentType": 5126,
      "count": 65532,
      "max": [
        0.99267578125,
        0.9629175066947937
      ],
      "min": [
        0.0372314453125,
        0.13003438711166382
      ],
      "type": "VEC2"
    },
    {
      "bufferView": 0,
      "byteOffset": 2897340,
      "componentType": 5125,
      "count": 359583,
      "type": "SCALAR"
    },
    {
      "bufferView": 2,
      "byteOffset": 4718304,
      "componentType": 5126,
      "count": 65532,
      "max": [
        -9.032443046569824,
        437.3186950683594,
        481.3901672363281
      ],
      "min": [
        -10.104853630065918,
        436.2027282714844,
        481.33819580078125
      ],
      "type": "VEC3"
    },
    {
      "bufferView": 2,
      "byteOffset": 5504688,
      "componentType": 5126,
      "count": 65532,
      "max": [
        0.9974720478057861,
        0.8615004420280457,
        0.06869018822908401
      ],
      "min": [
        -0.998295247554779,
        -0.9999765157699585,
        -0.9999998211860657
      ],
      "type": "VEC3"
    },
    {
      "bufferView": 1,
      "byteOffset": 3145536,
      "componentType": 5126,
      "count": 65532,
      "max": [
        0.999267578125,
        0.9599705338478088
      ],
      "min": [
        0.000732421875,
        0.0007367134094238281
      ],
      "type": "VEC2"
    },
    {
      "bufferView": 1,
      "byteOffset": 3669792,
      "componentType": 5126,
      "count": 65532,
      "max": [
        0.999267578125,
        0.9599705338478088
      ],
      "min": [
        0.000732421875,
        0.0007367134094238281
      ],
      "type": "VEC2"
    },
    {
      "bufferView": 0,
      "byteOffset": 4335672,
      "componentType": 5125,
      "count": 363306,
      "type": "SCALAR"
    },
    {
      "bufferView": 2,
      "byteOffset": 6291072,
      "componentType": 5126,
      "count": 65532,
      "max": [
        -9.042651176452637,
        437.3439636230469,
        481.3875427246094
      ],
      "min": [
        -10.110011100769043,
        436.2696533203125,
        481.33819580078125
      ],
      "type": "VEC3"
    },
    {
      "bufferView": 2,
      "byteOffset": 7077456,
      "componentType": 5126,
      "count": 65532,
      "max": [
        0.9974720478057861,
        0.8241908550262451,
        0.06869018822908401
      ],
      "min": [
        -0.7440433502197266,
        -0.9999961853027344,
        -0.9999998807907104
      ],
      "type": "VEC3"
    },
    {
      "bufferView": 1,
      "byteOffset": 4194048,
      "componentType": 5126,
      "count": 65532,
      "max": [
        0.999267578125,
        0.964268147945404
      ],
      "min": [
        0.000732421875,
        0.0007367134094238281
      ],
      "type": "VEC2"
    },
    {
      "bufferView": 1,
      "byteOffset": 4718304,
      "componentType": 5126,
      "count": 65532,
      "max": [
        0.999267578125,
        0.964268147945404
      ],
      "min": [
        0.000732421875,
        0.0007367134094238281
      ],
      "type": "VEC2"
    },
    {
      "bufferView": 0,
      "byteOffset": 5788896,
      "componentType": 5125,
      "count": 365277,
      "type": "SCALAR"
    },
    {
      "bufferView": 2,
      "byteOffset": 7863840,
      "componentType": 5126,
      "count": 65532,
      "max": [
        -8.698685646057129,
        437.34381103515625,
        481.3848571777344
      ],
      "min": [
        -9.720918655395508,
        436.2789306640625,
        481.34716796875
      ],
      "type": "VEC3"
    },
    {
      "bufferView": 2,
      "byteOffset": 8650224,
      "componentType": 5126,
      "count": 65532,
      "max": [
        0.7548238039016724,
        0.7566065788269043,
        0.10469890385866165
      ],
      "min": [
        -0.9852133393287659,
        -0.999995231628418,
        -0.9999999403953552
      ],
      "type": "VEC3"
    },
    {
      "bufferView": 1,
      "byteOffset": 5242560,
      "componentType": 5126,
      "count": 65532,
      "max": [
        0.999267578125,
        0.9082760214805603
      ],
      "min": [
        0.0101318359375,
        0.0007367134094238281
      ],
      "type": "VEC2"
    },
    {
      "bufferView": 1,
      "byteOffset": 5766816,
      "componentType": 5126,
      "count": 65532,
      "max": [
        0.999267578125,
        0.9082760214805603
      ],
      "min": [
        0.0101318359375,
        0.0007367134094238281
      ],
      "type": "VEC2"
    },
    {
      "bufferView": 0,
      "byteOffset": 7250004,
      "componentType": 5125,
      "count": 365889,
      "type": "SCALAR"
    },
    {
      "bufferView": 2,
      "byteOffset": 9436608,
      "componentType": 5126,
      "count": 32580,
      "max": [
        -8.681143760681152,
        437.0229797363281,
        481.37347412109375
      ],
      "min": [
        -8.853424072265625,
        436.2946472167969,
        481.35150146484375
      ],
      "type": "VEC3"
    },
    {
      "bufferView": 2,
      "byteOffset": 9827568,
      "componentType": 5126,
      "count": 32580,
      "max": [
        0.7145626544952393,
        0.7810907959938049,
        -0.15371987223625183
      ],
      "min": [
        -0.9881106615066528,
        -0.7373141050338745,
        -0.9999998807907104
      ],
      "type": "VEC3"
    },
    {
      "bufferView": 1,
      "byteOffset": 6291072,
      "componentType": 5126,
      "count": 32580,
      "max": [
        0.999267578125,
        0.9953339695930481
      ],
      "min": [
        0.0030517578125,
        0.14329564571380615
      ],
      "type": "VEC2"
    },
    {
      "bufferView": 1,
      "byteOffset": 6551712,
      "componentType": 5126,
      "count": 32580,
      "max": [
        0.999267578125,
        0.9953339695930481
      ],
      "min": [
        0.0030517578125,
        0.14329564571380615
      ],
      "type": "VEC2"
    },
    {
      "bufferView": 0,
      "byteOffset": 8713560,
      "componentType": 5125,
      "count": 178515,
      "type": "SCALAR"
    }
  ],
  "asset": {
    "extras": {
      "author": "cysorianoc (https://sketchfab.com/cysorianoc)",
      "license": "CC-BY-4.0 (http://creativecommons.org/licenses/by/4.0/)",
      "source": "https://sketchfab.com/3d-models/sand-landscape-1a4e369c150549bc82ff2e19b72010a4",
      "title": "Sand landscape"
    },
    "generator": "Sketchfab-13.58.0",
    "version": "2.0"
  },
  "bufferViews": [
    {
      "buffer": 0,
      "byteLength": 9427620,
      "name": "floatBufferViews",
      "target": 34963
    },
    {
      "buffer": 0,
      "byteLength": 6812352,
      "byteOffset": 9427620,
      "byteStride": 8,
      "name": "floatBufferViews",
      "target": 34962
    },
    {
      "buffer": 0,
      "byteLength": 10218528,
      "byteOffset": 16239972,
      "byteStride": 12,
      "name": "floatBufferViews",
      "target": 34962
    }
  ],
  "buffers": [
    {
      "byteLength": 26458500,
      "uri": "scene.bin"
    }
  ],
  "images": [
    {
      "uri": "textures/Material_0_baseColor.jpeg"
    }
  ],
  "materials": [
    {
      "doubleSided": true,
      "name": "Material_0",
      "pbrMetallicRoughness": {
        "baseColorTexture": {
          "index": 0
        },
        "metallicFactor": 0.0
      }
    }
  ],
  "meshes": [
    {
      "name": "mainMeshNode_Material_0_0",
      "primitives": [
        {
          "attributes": {
            "NORMAL": 1,
            "POSITION": 0,
            "TEXCOORD_0": 2,
            "TEXCOORD_1": 3
          },
          "indices": 4,
          "material": 0,
          "mode": 4
        }
      ]
    },
    {
      "name": "mainMeshNode_Material_0_0",
      "primitives": [
        {
          "attributes": {
            "NORMAL": 6,
            "POSITION": 5,
            "TEXCOORD_0": 7,
            "TEXCOORD_1": 8
          },
          "indices": 9,
          "material": 0,
          "mode": 4
        }
      ]
    },
    {
      "name": "mainMeshNode_Material_0_0",
      "primitives": [
        {
          "attributes": {
            "NORMAL": 11,
            "POSITION": 10,
            "TEXCOORD_0": 12,
            "TEXCOORD_1": 13
          },
          "indices": 14,
          "material": 0,
          "mode": 4
        }
      ]
    },
    {
      "name": "mainMeshNode_Material_0_0",
      "primitives": [
        {
          "attributes": {
            "NORMAL": 16,
            "POSITION": 15,
            "TEXCOORD_0": 17,
            "TEXCOORD_1": 18
          },
          "indices": 19,
          "material": 0,
          "mode": 4
        }
      ]
    },
    {
      "name": "mainMeshNode_Material_0_0",
      "primitives": [
        {
          "attributes": {
            "NORMAL": 21,
            "POSITION": 20,
            "TEXCOORD_0": 22,
            "TEXCOORD_1": 23
          },
          "indices": 24,
          "material": 0,
          "mode": 4
        }
      ]
    },
    {
      "name": "mainMeshNode_Material_0_0",
      "primitives": [
        {
          "attributes": {
            "NORMAL": 26,
            "POSITION": 25,
            "TEXCOORD_0": 27,
            "TEXCOORD_1": 28
          },
          "indices": 29,
          "material": 0,
          "mode": 4
        }
      ]
    },
    {
      "name": "mainMeshNode_Material_0_0",
      "primitives": [
        {
          "attributes": {
            "NORMAL": 31,
            "POSITION": 30,
            "TEXCOORD_0": 32,
            "TEXCOORD_1": 33
          },
          "indices": 34,
          "material": 0,
          "mode": 4
        }
      ]
    }
  ],
  "nodes": [
    {
      "children": [
        1
      ],
      "matrix": [
        15.723733901977539,
        0.0,
        0.0,
        0.0,
        0.0,
        3.4913702822109236e-15,
        -15.723733901977539,
        0.0,
        0.0,
        15.723733901977539,
        3.4913702822109236e-15,
        0.0,
        0.0,
        0.0,
        0.0,
        1.0
      ],
      "name": "Sketchfab_model"
    },
    {
      "children": [
        2
      ],
      "matrix": [
        1.0,
        0.0,
        0.0,
        0.0,
        0.0,
        -1.0,
        0.0,
        0.0,
        0.0,
        0.0,
        -1.0,
        0.0,
        0.0,
        0.0,
        0.0,
        1.0
      ],
      "name": "f09d6bbbf77d442e94995008d026bdda.fbx"
    },
    {
      "children": [
        3,
        5,
        7,
        9,
        11,
        13,
        15,
        17,
        19,
        21,
        23,
        25,
        27,
        29,
        31,
        33,
        35,
        37,
        39,
        41,
        43,
        45,
        47,
        49,
        51,
        53,
        55,
        57
      ],
      "name": "RootNode"
    },
    {
      "children": [
        4
      ],
      "matrix": [
        0.18898312165242226,
        -0.13045476327102962,
        0.9732763916125806,
        0.0,
        0.006171225913591899,
        -0.9909589843372988,
        -0.13402315968485787,
        0.0,
        0.9819609440813974,
        0.031334423579972286,
        -0.18646945647392688,
        0.0,
        -10.157500267028809,
        437.13372802734375,
        480.806884765625,
        1.0
      ],
      "name": "IMG20220701102826"
    },
    {
      "name": "Object_4"
    },
    {
      "children": [
        6
      ],
      "matrix": [
        -0.10442124552841126,
        -0.15426522454766634,
        0.9824960274614617,
        0.0,
        0.06822611377431695,
        -0.986680522462551,
        -0.14767106687595016,
        0.0,
        0.9921902039838678,
        0.05161188902070407,
        0.11355532585557282,
        0.0,
        -9.908621788024902,
        437.1189880371094,
        480.81011962890625,
        1.0
      ],
      "name": "IMG20220701102827"
    },
    {
      "name": "Object_6"
    },
    {
      "children": [
        8
      ],
      "matrix": [
        0.15195385171099463,
        -0.11546065602162607,
        0.9816205294619958,
        0.0,
        0.017029334672020738,
        -0.9927001777213491,
        -0.11939999544652818,
        0.0,
        0.988240875855083,
        0.03485963371950971,
        -0.14887839744610476,
        0.0,
        -9.790541648864746,
        437.08612060546875,
        480.7822265625,
        1.0
      ],
      "name": "IMG20220701102828"
    },
    {
      "name": "Object_8"
    },
    {
      "children": [
        10
      ],
      "matrix": [
        -0.032322776299873235,
        -0.17231000561302887,
        0.9845123158690836,
        0.0,
        0.04547336217462569,
        -0.9842605143276866,
        -0.1707729875241802,
        0.0,
        0.998442492818091,
        0.03924922803108921,
        0.03964954771696483,
        0.0,
        -9.438566207885742,
        437.0596618652344,
        480.84832763671875,
        1.0
      ],
      "name": "IMG20220701102829"
    },
    {
      "name": "Object_10"
    },
    {
      "children": [
        12
      ],
      "matrix": [
        0.2619077793111909,
        -0.0772510598598066,
        0.9619961480623594,
        0.0,
        0.03707384714143454,
        -0.9952501366868276,
        -0.09001497254893082,
        0.0,
        0.964380549883921,
        0.05924051970896102,
        -0.25779975917404996,
        0.0,
        -9.241280555725098,
        437.0536804199219,
        480.911376953125,
        1.0
      ],
      "name": "IMG20220701102831"
    },
    {
      "name": "Object_12"
    },
    {
      "children": [
        14
      ],
      "matrix": [
        0.01347867060849739,
        -0.05624432678145714,
        0.998326049516654,
        0.0,
        0.025817656737456333,
        -0.9980643072187529,
        -0.056578151759652494,
        0.0,
        0.9995757970455342,
        0.026537037529687744,
        -0.012000483320827149,
        0.0,
        -9.06435489654541,
        437.0904541015625,
        480.9940185546875,
        1.0
      ],
      "name": "IMG20220701102833"
    },
    {
      "name": "Object_14"
    },
    {
      "children": [
        16
      ],
      "matrix": [
        0.2994973091478711,
        -0.0007159452264796033,
        0.9540968762319776,
        0.0,
        0.02548806328664903,
        -0.9996368234592397,
        -0.008750989327923208,
        0.0,
        0.9537566358579533,
        0.02693897931908952,
        -0.29937029069392573,
        0.0,
        -8.94582748413086,
        437.1012878417969,
        481.0167541503906,
        1.0
      ],
      "name": "IMG20220701102835"
    },
    {
      "name": "Object_16"
    },
    {
      "children": [
        18
      ],
      "matrix": [
        0.11573837771924123,
        -0.07098802336466621,
        0.9907397884720771,
        0.0,
        0.07163349337904353,
        -0.9942490913916009,
        -0.07960770624312168,
        0.0,
        0.9906933282046634,
        0.08018381885239832,
        -0.10998765678480948,
        0.0,
        -8.865650177001953,
        437.03204345703125,
        480.8152160644531,
        1.0
      ],
      "name": "IMG20220701102837"
    },
    {
      "name": "Object_18"
    },
    {
      "children": [
        20
      ],
      "matrix": [
        0.16949283726332198,
        -0.061858546805110035,
        0.9835881751544133,
        0.0,
        -0.012492152050721222,
        -0.9980828965555661,
        -0.06061747058722069,
        0.0,
        0.9854522435174475,
        -0.0020129059617663494,
        -0.16994064833352374,
        0.0,
        -8.905600547790527,
        436.7987060546875,
        480.79595947265625,
        1.0
      ],
      "name": "IMG20220701102838"
    },
    {
      "name": "Object_20"
    },
    {
      "children": [
        22
      ],
      "matrix": [
        0.1637364942184013,
        -0.07346303761339619,
        0.9837649834008528,
        0.0,
        -0.04583277107956825,
        -0.99671304991046,
        -0.0668015960389945,
        0.0,
        0.9854388451630245,
        -0.03415081613668773,
        -0.16656531511981365,
        0.0,
        -8.948570251464844,
        436.59405517578125,
        480.8142395019531,
        1.0
      ],
      "name": "IMG20220701102840"
    },
    {
      "name": "Object_22"
    },
    {
      "children": [
        24
      ],
      "matrix": [
        0.20709561997659842,
        -0.05853475884298974,
        0.9765680141156075,
        0.0,
        0.025204212676219487,
        -0.9975579252961149,
        -0.06513780271303721,
        0.0,
        0.9779959876450823,
        0.03810338155733288,
        -0.2051145544909383,
        0.0,
        -9.098952293395996,
        436.5687561035156,
        480.7668762207031,
        1.0
      ],
      "name": "IMG20220701102841"
    },
    {
      "name": "Object_24"
    },
    {
      "children": [
        26
      ],
      "matrix": [
        0.12483695910662018,
        -0.04884206793364644,
        0.990974361949378,
        0.0,
        0.04661909808621824,
        -0.9973957140243725,
        -0.05503134869726199,
        0.0,
        0.9910814261878989,
        0.05306827720754785,
        -0.12223487480904649,
        0.0,
        -9.189188003540039,
        436.5937194824219,
        480.69342041015625,
        1.0
      ],
      "name": "IMG20220701102842"
    },
    {
      "name": "Object_26"
    },
    {
      "children": [
        28
      ],
      "matrix": [
        0.29339652291049323,
        -0.051846941994537654,
        0.9545838752827578,
        0.0,
        0.02072725262697707,
        -0.9979485500203187,
        -0.06057286942915459,
        0.0,
        0.9557661122589407,
        0.03755777040984977,
        -0.291719989954873,
        0.0,
        -9.441919326782227,
        436.5772399902344,
        480.68133544921875,
        1.0
      ],
      "name": "IMG20220701102844"
    },
    {
      "name": "Object_28"
    },
    {
      "children": [
        30
      ],
      "matrix": [
        0.04479517837735614,
        -0.04673089649097244,
        0.9979026081273118,
        0.0,
        0.007209583315299688,
        -0.9988641816606898,
        -0.0470995594856332,
        0.0,
        0.9989701766832485,
        0.009304295162502547,
        -0.04440738890059226,
        0.0,
        -9.543583869934082,
        436.5960388183594,
        480.73687744140625,
        1.0
      ],
      "name": "IMG20220701102845"
    },
    {
      "name": "Object_30"
    },
    {
      "children": [
        32
      ],
      "matrix": [
        0.2644684443214044,
        -0.03474260720110896,
        0.9637683296327421,
        0.0,
        0.017505772482071046,
        -0.999013276866227,
        -0.04081691530248161,
        0.0,
        0.9642354431818104,
        0.027666295196022272,
        -0.2635992910121432,
        0.0,
        -9.685967445373535,
        436.6148986816406,
        480.7500915527344,
        1.0
      ],
      "name": "IMG20220701102846"
    },
    {
      "name": "Object_32"
    },
    {
      "children": [
        34
      ],
      "matrix": [
        0.06098103498512619,
        -0.03979315304627686,
        0.9973453856828027,
        0.0,
        0.03345213114853019,
        -0.9985621801764868,
        -0.04188707727692726,
        0.0,
        0.9975782015931205,
        0.03591764596709152,
        -0.05956218946964875,
        0.0,
        -9.868470191955566,
        436.666748046875,
        480.7901611328125,
        1.0
      ],
      "name": "IMG20220701102847"
    },
    {
      "name": "Object_34"
    },
    {
      "children": [
        36
      ],
      "matrix": [
        0.21812706347715238,
        -0.07781108380407743,
        0.9728134556101027,
        0.0,
        0.025181650869359685,
        -0.9960357738710104,
        -0.08531483826786276,
        0.0,
        0.9755954431209322,
        0.043106523942586045,
        -0.21530294692655572,
        0.0,
        -9.974190711975098,
        436.6093444824219,
        480.7028503417969,
        1.0
      ],
      "name": "IMG20220701102848"
    },
    {
      "name": "Object_36"
    },
    {
      "children": [
        38
      ],
      "matrix": [
        0.09676211468080542,
        -0.07346049315256983,
        0.9925928919291533,
        0.0,
        0.03965921439223619,
        -0.9961959780228846,
        -0.07759329922628252,
        0.0,
        0.9945170887804238,
        0.046873546023423626,
        -0.09348064402271028,
        0.0,
        -10.096661567687988,
        436.6497497558594,
        480.619140625,
        1.0
      ],
      "name": "IMG20220701102850"
    },
    {
      "name": "Object_38"
    },
    {
      "children": [
        40
      ],
      "matrix": [
        0.33565420061548945,
        -0.17543753739503593,
        0.9255041480630664,
        0.0,
        0.09245176130165322,
        -0.971624988111558,
        -0.21770979378392055,
        0.0,
        0.9374374269472063,
        0.15863969537912145,
        -0.30991049935202386,
        0.0,
        -10.183009147644043,
        436.9495544433594,
        480.29156494140625,
        1.0
      ],
      "name": "IMG20220701102855"
    },
    {
      "name": "Object_40"
    },
    {
      "children": [
        42
      ],
      "matrix": [
        -0.06531260493984425,
        -0.23192290235948987,
        0.9705390414594987,
        0.0,
        0.08751475636485133,
        -0.9701993004454204,
        -0.22595239506059145,
        0.0,
        0.9940198343365049,
        0.07017894824210032,
        0.08366291991832497,
        0.0,
        -9.65027141571045,
        436.97979736328125,
        480.33154296875,
        1.0
      ],
      "name": "IMG20220701102857"
    },
    {
      "name": "Object_42"
    },
    {
      "children": [
        44
      ],
      "matrix": [
        0.22574164659053364,
        -0.1388507417425569,
        0.9642412460127063,
        0.0,
        0.06337755468073848,
        -0.9856004942860253,
        -0.156763998500397,
        0.0,
        0.9721234461514054,
        0.09649941544218925,
        -0.2136910579833211,
        0.0,
        -9.423168182373047,
        436.9168701171875,
        480.3821716308594,
        1.0
      ],
      "name": "IMG20220701102900"
    },
    {
      "name": "Object_44"
    },
    {
      "children": [
        46
      ],
      "matrix": [
        0.07043828398586671,
        -0.13557402776687272,
        0.988260153575056,
        0.0,
        0.0780623432620778,
        -0.9869334818395856,
        -0.1409559256946134,
        0.0,
        0.9944569969151807,
        0.08707459686417766,
        -0.058934674576016866,
        0.0,
        -9.113258361816406,
        436.9336242675781,
        480.3888244628906,
        1.0
      ],
      "name": "IMG20220701102902"
    },
    {
      "name": "Object_46"
    },
    {
      "children": [
        48
      ],
      "matrix": [
        0.13500498080155776,
        -0.0834625233396396,
        0.9873234841512436,
        0.0,
        0.022008520844073967,
        -0.9959475974664747,
        -0.08720096393396426,
        0.0,
        0.9906004644502379,
        0.03350209394256855,
        -0.13262099959069928,
        0.0,
        -9.19635009765625,
        436.856689453125,
        480.50323486328125,
        1.0
      ],
      "name": "IMG20220701102905"
    },
    {
      "name": "Object_48"
    },
    {
      "children": [
        50
      ],
      "matrix": [
        0.24366952435856604,
        -0.0392587592140158,
        0.9690634203827148,
        0.0,
        -0.01344912717623028,
        -0.999221098652713,
        -0.03709874641362797,
        0.0,
        0.9697650663315666,
        -0.0039932232896520495,
        -0.24400772588320074,
        0.0,
        -9.335351943969727,
        436.8299865722656,
        480.5646057128906,
        1.0
      ],
      "name": "IMG20220701102906"
    },
    {
      "name": "Object_50"
    },
    {
      "children": [
        52
      ],
      "matrix": [
        -0.09224718712596802,
        -0.08543924393125624,
        0.9920638044318529,
        0.0,
        -0.04102616469813603,
        -0.9951397922161931,
        -0.08951897987618715,
        0.0,
        0.9948906021656391,
        -0.04895844711964503,
        0.08829360213585624,
        0.0,
        -9.379624366760254,
        436.8147888183594,
        480.61859130859375,
        1.0
      ],
      "name": "IMG20220701102907"
    },
    {
      "name": "Object_52"
    },
    {
      "children": [
        54
      ],
      "matrix": [
        0.07794225995452864,
        -0.06927020362045867,
        0.994548461867777,
        0.0,
        -0.08759890489174642,
        -0.9942007116547185,
        -0.062380900979535074,
        0.0,
        0.9931019262769293,
        -0.08225924772104344,
        -0.08355824429355008,
        0.0,
        -9.535271644592285,
        436.8262023925781,
        480.6023864746094,
        1.0
      ],
      "name": "IMG20220701102908"
    },
    {
      "name": "Object_54"
    },
    {
      "children": [
        56
      ],
      "matrix": [
        0.28814396318014934,
        -0.04178806732050784,
        0.956674873670493,
        0.0,
        -0.08228387555127824,
        -0.9964326996813546,
        -0.018741366812198446,
        0.0,
        0.9540452925868345,
        -0.07331870453945788,
        -0.2905545512594103,
        0.0,
        -9.779520034790039,
        436.83795166015625,
        480.5351257324219,
        1.0
      ],
      "name": "IMG20220701102909"
    },
    {
      "name": "Object_56"
    },
    {
      "children": [
        58,
        59,
        60,
        61,
        62,
        63,
        64
      ],
      "name": "mainMeshNode"
    },
    {
      "mesh": 0,
      "name": "mainMeshNode_Material_0_0"
    },
    {
      "mesh": 1,
      "name": "mainMeshNode_Material_0_0"
    },
    {
      "mesh": 2,
      "name": "mainMeshNode_Material_0_0"
    },
    {
      "mesh": 3,
      "name": "mainMeshNode_Material_0_0"
    },
    {
      "mesh": 4,
      "name": "mainMeshNode_Material_0_0"
    },
    {
      "mesh": 5,
      "name": "mainMeshNode_Material_0_0"
    },
    {
      "mesh": 6,
      "name": "mainMeshNode_Material_0_0"
    }
  ],
  "samplers": [
    {
      "magFilter": 9729,
      "minFilter": 9987,
      "wrapS": 10497,
      "wrapT": 10497
    }
  ],
  "scene": 0,
  "scenes": [
    {
      "name": "Sketchfab_Scene",
      "nodes": [
        0
      ]
    }
  ],
  "textures": [
    {
      "sampler": 0,
      "source": 0
    }
  ]
}
